      0/99     1.83G   0.07614   0.03335   0.02876    0.1382        61       640     0.142   0.05556   0.03714  0.009815    0.0732   0.02997    0.0217
      1/99     2.26G   0.06439   0.03432   0.01734    0.1161        83       640   0.05002     0.183   0.03981  0.009351   0.06503   0.02923   0.01716
      2/99     2.26G   0.05825   0.03521   0.01202    0.1055        62       640    0.3356    0.3866    0.2724    0.1181   0.05686   0.03026    0.0156
      3/99     2.26G    0.0549   0.03503  0.008018   0.09795        60       640    0.3807    0.6764    0.4783    0.1814   0.05104    0.0284   0.01377
      4/99     2.26G   0.05169   0.03506  0.004979   0.09172        66       640    0.6132    0.7343    0.6776    0.2985   0.04962   0.02764   0.01378
      5/99     2.26G   0.04923   0.03076  0.003532   0.08352        57       640    0.5385    0.7698    0.6082    0.2277   0.04573   0.02562   0.01369
      6/99     2.26G   0.04928   0.02768  0.002572   0.07953        92       640    0.4348    0.7769    0.5343    0.1861   0.07426   0.02063   0.01323
      7/99     2.26G   0.04422   0.02611  0.002487   0.07282        61       640    0.4516    0.4942    0.4568    0.1592   0.07245   0.02175   0.01179
      8/99     2.26G   0.03665   0.02596  0.002987    0.0656        56       640    0.4957    0.6174    0.4711    0.1814   0.07076   0.02228   0.01149
      9/99     2.26G   0.03498   0.02497  0.003429   0.06338        73       640    0.8493    0.7869    0.8429    0.4335   0.07301   0.02003  0.009917
     10/99     2.26G    0.0332   0.02417  0.002366   0.05974        64       640    0.5107     0.942    0.6783    0.2517   0.07246   0.02003  0.008759
     11/99     2.26G   0.02973   0.02354  0.001458   0.05473        67       640    0.8689     0.707    0.8492    0.3641    0.0702   0.01857  0.007928
     12/99     2.26G    0.0308   0.02297  0.003806   0.05757        74       640    0.8157    0.7373    0.8532    0.3898   0.06969   0.01781  0.007421
     13/99     2.26G   0.02735   0.02263  0.002913   0.05289        71       640    0.7526    0.7464    0.7687    0.3477   0.06983   0.01855   0.01239
     14/99     2.26G   0.02293   0.02371  0.001544   0.04819        54       640    0.8221    0.7566    0.8737    0.3728   0.06878   0.01669   0.01116
     15/99     2.26G   0.02222   0.02121  0.001211   0.04464        50       640    0.7935    0.7071    0.8165    0.4724   0.06794   0.01725   0.01044
     16/99     2.26G   0.02362   0.02103  0.001467   0.04612        51       640    0.8837    0.7911    0.9051    0.5221    0.0662   0.01722  0.007824
     17/99     2.26G    0.0236   0.02145  0.003341   0.04839        94       640    0.9742    0.9725    0.9928    0.6254   0.06092   0.01598   0.00588
     18/99     2.26G   0.02153   0.02064   0.00141   0.04358        73       640    0.7922    0.8628    0.9093    0.5775   0.06349   0.01698  0.006201
     19/99     2.26G   0.02552   0.02015  0.001534    0.0472        75       640    0.9923     0.762     0.844    0.6065   0.06166   0.01703  0.007163
     20/99     2.26G   0.02114   0.02006 0.0009964    0.0422        82       640     0.961    0.8197    0.8495    0.5566   0.06487   0.01783  0.007922
     21/99     2.26G   0.01917   0.01928 0.0009093   0.03935        57       640    0.9381    0.8252    0.8515    0.5414      0.06    0.0186  0.006801
     22/99     2.26G   0.02596   0.02016  0.004767   0.05089        65       640     0.959    0.8861    0.9127    0.7455   0.05732    0.0184  0.006909
     23/99     2.26G   0.02007      0.02 0.0009383     0.041        97       640    0.9433    0.8474    0.8825    0.6083   0.05824    0.0174  0.006909
     24/99     2.26G   0.01919   0.01883 0.0008379   0.03885        64       640    0.9631    0.8143    0.8734    0.5769   0.05875   0.01706  0.006681
     25/99     2.26G    0.0166   0.01847 0.0007794   0.03585        71       640    0.9935    0.8418    0.9694    0.7519   0.05548   0.01674  0.006881
     26/99     2.26G   0.01545   0.01813  0.000873   0.03444        62       640    0.9819    0.9752    0.9955    0.7083   0.05706   0.01636  0.006562
     27/99     2.26G   0.02014    0.0166 0.0007449   0.03749        74       640    0.9924    0.8872     0.975    0.7433   0.05733   0.01647  0.006673
     28/99     2.26G   0.01853   0.01769 0.0007983   0.03702        67       640    0.9781    0.9667     0.986    0.7328   0.05486   0.01573  0.006505
     29/99     2.26G   0.01589   0.01714 0.0006991   0.03374        66       640    0.9336    0.9588    0.9812    0.7818   0.05942   0.01594  0.005732
     30/99     2.26G   0.02091   0.01646  0.002082   0.03945        73       640    0.9713    0.9788    0.9919    0.7645   0.06034    0.0156  0.005768
     31/99     2.26G   0.01292   0.01822 0.0004979   0.03164        67       640     0.976    0.9807    0.9942    0.8132   0.05586   0.01596  0.005522
     32/99     2.26G   0.01872   0.01745 0.0005816   0.03674        65       640    0.9509    0.9972    0.9924    0.7261   0.05491   0.01691  0.005788
     33/99     2.26G   0.01601   0.01718 0.0007909   0.03398        68       640      0.99    0.9615    0.9934    0.6681   0.05409   0.01669  0.005681
     34/99     2.26G   0.01868   0.01727  0.001282   0.03723        64       640    0.9861     0.989    0.9948    0.7926    0.0545   0.01566  0.005294
     35/99     2.26G    0.0149   0.01723  0.002667    0.0348        74       640    0.9806         1    0.9954    0.8817   0.05446   0.01549  0.008452
     36/99     2.26G    0.0166   0.01576 0.0007141   0.03308        50       640    0.9764         1    0.9955    0.7906   0.05632   0.01565   0.01471
     37/99     2.26G   0.01567   0.01664  0.002098   0.03441        55       640    0.9527         1    0.9896    0.8432   0.05586   0.01525   0.01004
     38/99     2.26G   0.01288   0.01679 0.0003763   0.03004        66       640    0.9912     0.978    0.9955    0.8017   0.05478   0.01558  0.008232
     39/99     2.26G   0.01667   0.01646  0.002286   0.03541        73       640    0.9865    0.9852    0.9954    0.7995   0.05686    0.0152  0.005472
     40/99     2.26G   0.01389    0.0168 0.0003054     0.031        52       640    0.9837    0.9585     0.987    0.8101   0.05387   0.01552  0.004309
     41/99     2.26G   0.01392   0.01588 0.0002725   0.03008        67       640    0.9054    0.9557    0.9757    0.7465   0.05728   0.01528  0.004028
     42/99     2.26G   0.01583   0.01553  0.004495   0.03585        70       640    0.9941         1    0.9959     0.867   0.05504   0.01528    0.0049
     43/99     2.26G   0.01408   0.01546 0.0007319   0.03027        59       640    0.9954    0.9973    0.9958    0.7949   0.05466   0.01604  0.007939
     44/99     2.26G   0.01158   0.01564 0.0003695   0.02759        68       640     0.991    0.9918    0.9957    0.7996   0.05488   0.01629  0.007729
     45/99     2.26G   0.01272   0.01433 0.0003591   0.02742        60       640    0.9922    0.9724    0.9933    0.8259   0.05438   0.01585  0.007138
     46/99     2.26G   0.01097   0.01586 0.0003609   0.02719        58       640    0.9952         1    0.9963    0.8201   0.05413   0.01487  0.006202
     47/99     2.26G   0.01211   0.01505 0.0002531   0.02742        76       640      0.99    0.9834    0.9888    0.8435   0.05323    0.0161  0.005358
     48/99     2.26G   0.01021    0.0143 0.0003236   0.02483        72       640    0.9896         1    0.9965    0.8851   0.05285   0.01588  0.004777
     49/99     2.26G  0.009835   0.01405 0.0002384   0.02413       100       640    0.9951         1    0.9964    0.8946   0.05002   0.01606  0.004666
     50/99     2.26G   0.01137   0.01362 0.0004844   0.02548        84       640     0.994         1    0.9966    0.9172   0.04906   0.01628  0.004935
     51/99     2.26G   0.01261   0.01321 0.0007793   0.02659        76       640    0.9938         1    0.9961    0.8665   0.05025   0.01681  0.005143
     52/99     2.26G   0.01349   0.01441 0.0002146   0.02812        82       640    0.9956         1    0.9964    0.9031   0.04854   0.01661  0.006243
     53/99     2.26G  0.008058   0.01282 0.0002391   0.02112        96       640    0.9986         1    0.9966    0.9313   0.04854   0.01614   0.00619
     54/99     2.26G   0.01104   0.01433  0.004419   0.02979       102       640     0.999         1    0.9966    0.9088   0.04828   0.01633  0.005813
     55/99     2.26G  0.008647   0.01364 0.0001951   0.02248        72       640    0.9994         1    0.9967    0.9143   0.04892   0.01673  0.005876
     56/99     2.26G  0.009266    0.0142 0.0002937   0.02376        68       640    0.9985         1    0.9967    0.9191   0.04844   0.01655  0.005792
     57/99     2.26G  0.009759   0.01298  0.002573   0.02531        54       640     0.996         1    0.9967    0.9398   0.04833   0.01555  0.006296
     58/99     2.26G  0.007938   0.01314 0.0002151   0.02129        56       640    0.9971         1    0.9966    0.9359   0.04846   0.01647  0.005904
     59/99     2.26G   0.01015   0.01226 0.0008181   0.02323        71       640    0.9962         1    0.9967    0.9506   0.04851   0.01613  0.005606
     60/99     2.26G  0.007683   0.01321 0.0002336   0.02113        83       640    0.9978         1    0.9967    0.9296   0.04814   0.01614  0.005992
     61/99     2.26G  0.009805   0.01238 0.0002935   0.02248        90       640    0.9977         1    0.9967    0.9495   0.04717   0.01659  0.006283
     62/99     2.26G  0.009599   0.01274 0.0002592    0.0226        88       640    0.9981         1    0.9967    0.9329    0.0454    0.0165  0.006904
     63/99     2.26G  0.008792   0.01178 0.0002608   0.02083        66       640     0.998         1    0.9967    0.9624   0.04494   0.01759  0.007905
     64/99     2.26G  0.006925   0.01164 0.0001475   0.01872        74       640    0.9978         1    0.9964    0.9557   0.04414   0.01669  0.008054
     65/99     2.26G  0.008255   0.01103 0.0001498   0.01944        69       640    0.9996         1    0.9967    0.9726    0.0441   0.01672   0.00678
     66/99     2.26G  0.006555   0.01085 0.0001247   0.01753        80       640         1         1    0.9968    0.9607   0.04492   0.01708  0.006368
     67/99     2.26G  0.008465   0.01102 0.0009996   0.02048        52       640    0.9989         1    0.9968     0.948   0.04538   0.01693  0.005974
     68/99     2.26G  0.006268   0.01044  0.000118   0.01683        62       640    0.9996         1    0.9968    0.9595    0.0449   0.01751  0.006175
     69/99     2.26G  0.006436   0.01095 0.0001315   0.01752        62       640    0.9998         1    0.9967    0.9508   0.04463   0.01748  0.006353
     70/99     2.26G  0.005954   0.01058 0.0001435   0.01668        75       640    0.9999         1    0.9967    0.9638   0.04416   0.01702   0.00651
     71/99     2.26G  0.009729   0.01057  0.002351   0.02265        46       640    0.9996         1    0.9967    0.9424   0.04386   0.01663  0.005459
     72/99     2.26G  0.007615   0.01038  0.001099   0.01909        62       640    0.9988         1    0.9966    0.9593   0.04359   0.01715  0.004935
     73/99     2.26G  0.007653   0.01099 0.0004095   0.01905        69       640    0.9992         1    0.9966    0.9693   0.04415   0.01679  0.004619
     74/99     2.26G  0.009482   0.01026   0.00025   0.01999        86       640     0.999         1    0.9967    0.9632   0.04407    0.0166  0.004343
     75/99     2.26G   0.01145   0.01048 0.0005009   0.02243        68       640    0.9984         1    0.9969    0.9684   0.04366   0.01663  0.004129
     76/99     2.26G  0.009369   0.01004 0.0001716   0.01958        73       640    0.9996         1    0.9968    0.9628   0.04353   0.01636  0.004072
     77/99     2.26G      0.01   0.01009  0.003165   0.02326        79       640    0.9988         1    0.9969    0.9715   0.04381   0.01635   0.00406
     78/99     2.26G  0.005652   0.01099 0.0001017   0.01674        73       640    0.9995         1     0.997     0.974   0.04352   0.01638  0.004004
     79/99     2.26G  0.007698   0.01035 0.0001736   0.01822        96       640    0.9981         1     0.997    0.9798   0.04346   0.01621  0.003913
     80/99     2.26G  0.005701   0.01026 0.0001492   0.01611        81       640         1    0.9973     0.997    0.9718   0.04338   0.01648  0.003864
     81/99     2.26G  0.007361  0.009928 0.0001332   0.01742        69       640    0.9981         1    0.9971    0.9771   0.04354   0.01669  0.003841
     82/99     2.26G  0.008344   0.01178  0.001154   0.02127        77       640    0.9996         1    0.9971    0.9784   0.04333   0.01689   0.00385
     83/99     2.26G  0.008949  0.009318 0.0001821   0.01845        54       640    0.9999         1     0.997    0.9782    0.0432   0.01675  0.003827
     84/99     2.26G  0.005437   0.01048 0.0001683   0.01608        91       640    0.9997         1    0.9969    0.9832    0.0432   0.01667  0.003837
     85/99     2.26G  0.005873   0.01047 0.0001528    0.0165        95       640    0.9993         1     0.997    0.9873   0.04306   0.01657  0.003863
     86/99     2.26G  0.009703   0.01015  0.000447    0.0203        56       640    0.9993         1     0.997     0.981   0.04294   0.01663  0.003884
     87/99     2.26G  0.007129   0.01006 0.0002147    0.0174        89       640    0.9998         1     0.997     0.978   0.04297   0.01671   0.00398
     88/99     2.26G  0.006984  0.009782 0.0001729   0.01694        85       640         1         1     0.997    0.9812   0.04285   0.01675  0.004001
     89/99     2.26G  0.007041   0.00931 0.0002293   0.01658        46       640         1         1    0.9969    0.9845    0.0428   0.01677  0.003973
     90/99     2.26G  0.007142  0.009766 0.0003237   0.01723        83       640         1         1    0.9969    0.9848   0.04262   0.01672  0.003951
     91/99     2.26G  0.009479  0.009542 0.0002969   0.01932        46       640    0.9999         1     0.997    0.9833   0.04255   0.01654   0.00392
     92/99     2.26G  0.008999  0.009942 0.0001974   0.01914        94       640    0.9999         1    0.9969    0.9827   0.04255   0.01655  0.003881
     93/99     2.26G   0.01013   0.01069 0.0002598   0.02108        96       640    0.9999         1     0.997    0.9755   0.04251   0.01652  0.003905
     94/99     2.26G  0.009006  0.009858 0.0003239   0.01919        54       640         1         1     0.997    0.9782   0.04244    0.0165   0.00388
     95/99     2.26G  0.007088   0.01021    0.0002    0.0175        64       640         1         1     0.997    0.9821   0.04251   0.01652  0.003847
     96/99     2.26G   0.01184   0.01032 0.0003237   0.02249        91       640         1         1     0.997    0.9824   0.04244   0.01648  0.003851
     97/99     2.26G  0.006661   0.01034  0.000187   0.01719        62       640         1         1     0.997    0.9832   0.04239   0.01649  0.003846
     98/99     2.26G  0.005203   0.01013  0.000171   0.01551        77       640         1         1     0.997    0.9823   0.04243   0.01651  0.003859
     99/99     2.26G   0.01116   0.01019 0.0005613   0.02191        80       640    0.9999         1    0.9969    0.9847   0.04247   0.01651  0.003869
