      0/99     1.83G   0.07531   0.03331   0.02959    0.1382        61       640     0.106   0.09722   0.05912   0.01855   0.07726   0.02933   0.02238
      1/99     2.26G   0.06375   0.03451   0.01736    0.1156        83       640   0.07892    0.2521   0.05972   0.01003   0.06738   0.03009   0.01753
      2/99     2.26G   0.05899   0.03546   0.01247    0.1069        62       640    0.3328    0.5331    0.3207   0.08349   0.06299   0.03039   0.01447
      3/99     2.26G   0.05567   0.03479  0.008165   0.09863        60       640    0.4927    0.5433     0.456    0.1562   0.05122   0.02936   0.01473
      4/99     2.26G   0.05554   0.03495  0.005731   0.09622        66       640    0.5188    0.7622    0.6667    0.2584   0.05287   0.02776   0.01285
      5/99     2.26G   0.04672    0.0302  0.004086     0.081        57       640    0.6527    0.6138     0.687     0.233   0.05117    0.0247   0.01167
      6/99     2.26G   0.03952   0.02787  0.003031   0.07042        92       640    0.8218     0.674    0.7109    0.2507    0.0534   0.02242   0.01281
      7/99     2.26G   0.04044    0.0267  0.002264   0.06941        61       640    0.7358    0.5746    0.6138    0.2228   0.06032   0.02384  0.009801
      8/99     2.26G   0.03222   0.02491  0.001633   0.05876        56       640    0.8366    0.6769     0.739    0.3534    0.0578   0.02055  0.009815
      9/99     2.26G   0.03765   0.02463  0.005283   0.06756        73       640    0.8398    0.7593    0.7609    0.3272   0.05465   0.01972  0.009319
     10/99     2.26G   0.03616   0.02428   0.00125   0.06169        64       640    0.8136    0.6796    0.7687    0.3831    0.0537   0.01936  0.008806
     11/99     2.26G   0.02791   0.02279  0.001409   0.05211        67       640     0.828    0.7785    0.8278    0.4006   0.05288   0.01911  0.007872
     12/99     2.26G    0.0325   0.02284  0.002754    0.0581        74       640    0.7259    0.7164    0.7389    0.3877   0.05612   0.01703  0.007489
     13/99     2.26G   0.03571   0.02124  0.002145   0.05909        71       640    0.7647    0.7181    0.8387    0.4465   0.05462   0.01866  0.007705
     14/99     2.26G   0.02735   0.02236  0.001334   0.05104        54       640    0.8474    0.7219    0.8657    0.5745   0.07213    0.0192  0.009375
     15/99     2.26G   0.02325   0.02166  0.001503   0.04641        50       640    0.8275    0.9265    0.9591    0.4949   0.05816   0.01979  0.008039
     16/99     2.26G   0.02285   0.02076  0.001229   0.04483        51       640    0.9744    0.8874    0.9869    0.7706   0.05173   0.01856  0.007734
     17/99     2.26G   0.02234    0.0211  0.001139   0.04459        94       640    0.9396    0.8736    0.9665    0.7167   0.05506     0.017  0.007697
     18/99     2.26G   0.01889    0.0203 0.0009582   0.04014        73       640    0.8477    0.9945    0.9811    0.6357   0.05553   0.01661  0.008155
     19/99     2.26G   0.02499   0.02024 0.0009543   0.04618        75       640    0.8795    0.8427    0.9257    0.5453   0.06297   0.01711  0.009284
     20/99     2.26G   0.02296   0.02095  0.001322   0.04524        82       640    0.8009    0.9252    0.9342    0.5623   0.05767   0.01674    0.0095
     21/99     2.26G   0.02191   0.02012 0.0009742     0.043        57       640    0.8875    0.8177    0.8525     0.434   0.05162   0.01704  0.007903
     22/99     2.26G   0.02005   0.01985 0.0009097    0.0408        65       640     0.845    0.8059    0.8971    0.6986   0.06296   0.01535  0.009118
     23/99     2.26G   0.01745   0.02003  0.000909   0.03839        97       640    0.9327    0.9142    0.9739    0.6221   0.06153   0.01672  0.007813
     24/99     2.26G    0.0169   0.01871 0.0008644   0.03647        64       640     0.777    0.8226     0.797    0.5361   0.06058   0.01551  0.007349
     25/99     2.26G   0.01618   0.01784  0.001769   0.03579        71       640    0.8963     0.773     0.859     0.583   0.06118   0.01936  0.006854
     26/99     2.26G   0.01522   0.01777  0.000805   0.03379        62       640    0.9831    0.8412    0.9237     0.688   0.05945   0.01682   0.00603
     27/99     2.26G   0.01528   0.01666 0.0006734   0.03261        74       640    0.9972    0.8486    0.9271    0.6742   0.06095    0.0161   0.00629
     28/99     2.26G   0.01832   0.01784  0.001107   0.03727        67       640    0.8906    0.9028    0.9256    0.7087   0.05819    0.0167  0.005685
     29/99     2.26G    0.0144   0.01711 0.0006613   0.03218        66       640    0.9855    0.9863     0.994    0.7738   0.05545   0.01621  0.006146
     30/99     2.26G    0.0192   0.01691  0.001209   0.03732        73       640    0.9766    0.9504    0.9908    0.7609   0.05526   0.01678  0.005414
     31/99     2.26G   0.01305   0.01835 0.0005622   0.03197        67       640    0.9947    0.9806    0.9885    0.8231   0.04765   0.01563  0.004931
     32/99     2.26G   0.01863   0.01674  0.000579   0.03595        65       640    0.9822    0.9751     0.985    0.6168   0.05541   0.01636  0.007083
     33/99     2.26G   0.01474   0.01727 0.0005522   0.03256        68       640     0.992     0.989    0.9955    0.7065   0.05618   0.01612  0.009248
     34/99     2.26G   0.01774   0.01764 0.0005999   0.03599        64       640    0.8383    0.9092    0.8866    0.4791   0.04739   0.02288  0.004402
     35/99     2.26G   0.01857   0.01783  0.002916   0.03931        74       640    0.8384     0.793    0.8334    0.4932   0.04838   0.02321  0.004678
     36/99     2.26G   0.01725   0.01688  0.002356   0.03649        50       640    0.7276    0.7499    0.7556    0.4832   0.06185   0.02414  0.005198
     37/99     2.26G    0.0184   0.01755  0.001507   0.03745        55       640    0.8873    0.9533    0.9419    0.6643   0.05824   0.01967   0.01566
     38/99     2.26G   0.01497   0.01769 0.0004211   0.03308        66       640    0.9567    0.9753     0.983    0.7927   0.05364   0.01762   0.02294
     39/99     2.26G   0.01675   0.01802   0.00618   0.04095        73       640    0.9715    0.9517    0.9742    0.7606   0.04781   0.01621   0.01258
     40/99     2.26G    0.0166   0.01977 0.0009556   0.03733        52       640    0.7974    0.5827    0.6016    0.3288   0.06262   0.03338  0.006795
     41/99     2.26G   0.01317   0.01882 0.0003768   0.03237        67       640    0.9336    0.9617    0.9761    0.6888   0.04083   0.02319  0.004845
     42/99     2.26G    0.0174   0.01753 0.0003721    0.0353        70       640    0.9948    0.9667    0.9884    0.7481   0.03824   0.01638  0.004206
     43/99     2.26G   0.01515   0.01761  0.002468   0.03523        59       640    0.9918    0.9973    0.9953    0.8617   0.03647   0.01632  0.003959
     44/99     2.26G    0.0174   0.01759  0.001271   0.03626        68       640    0.9412         1     0.984    0.7231   0.03923   0.01704  0.004043
     45/99     2.26G   0.01809   0.01635  0.008285   0.04272        60       640    0.9749    0.9712    0.9897    0.7425   0.03843   0.02024   0.01648
     46/99     2.26G   0.01821   0.01863 0.0009801   0.03782        58       640    0.9756    0.8949    0.9314    0.7328   0.03737   0.02133  0.004028
     47/99     2.26G   0.01565   0.01752  0.000429    0.0336        76       640    0.9644    0.9475    0.9871    0.7279   0.03728   0.02055  0.004358
     48/99     2.26G   0.01582   0.01695 0.0003679   0.03314        72       640    0.9919    0.9969    0.9955    0.7591   0.03564   0.01935  0.004599
     49/99     2.26G   0.01611   0.01612  0.006212   0.03845       100       640    0.9964         1    0.9955    0.8604   0.03176    0.0191  0.004958
     50/99     2.26G   0.01475   0.01563  0.002296   0.03268        84       640    0.9949    0.9722     0.995    0.8358   0.03386   0.01907  0.007022
     51/99     2.26G   0.01586   0.01552  0.000945   0.03232        76       640    0.9967    0.9945    0.9954    0.8177   0.03553   0.01882   0.01191
     52/99     2.26G   0.01862   0.01633 0.0005136   0.03546        82       640    0.9951    0.9918    0.9959    0.8747    0.0332   0.01759  0.008081
     53/99     2.26G   0.01285   0.01531 0.0007158   0.02888        96       640    0.9956    0.9918     0.996    0.9033    0.0317   0.01746  0.004813
     54/99     2.26G   0.01236   0.01609 0.0005509   0.02901       102       640    0.9803    0.9223    0.9725    0.8166    0.0322   0.01889  0.004571
     55/99     2.26G    0.0113   0.01534 0.0002279   0.02686        72       640    0.9784    0.9835    0.9938    0.8411   0.03318   0.01771  0.004267
     56/99     2.26G   0.01871   0.01616 0.0007541   0.03562        68       640    0.9923     0.989    0.9956    0.8962   0.03182   0.01798  0.003972
     57/99     2.26G   0.01867   0.01463  0.003483   0.03678        54       640    0.9873    0.9917    0.9954    0.8864   0.03059   0.01788  0.004125
     58/99     2.26G   0.01084   0.01497 0.0003014   0.02611        56       640    0.9935    0.9945    0.9958    0.9196   0.02957   0.01873  0.004331
     59/99     2.26G   0.01254   0.01383  0.001819   0.02819        71       640    0.9891    0.9808    0.9947    0.9048   0.03031   0.01701   0.00447
     60/99     2.26G  0.008638    0.0149 0.0002566    0.0238        83       640    0.9959         1    0.9965    0.8774   0.03152   0.01721     0.004
     61/99     2.26G   0.01203   0.01356 0.0002607   0.02586        90       640    0.9968         1    0.9966    0.9452   0.03069    0.0165  0.004198
     62/99     2.26G  0.008754    0.0141 0.0002986   0.02316        88       640     0.996         1    0.9965    0.9307   0.03104   0.01552  0.004444
     63/99     2.26G   0.01238   0.01291  0.001298   0.02659        66       640    0.9958    0.9973    0.9963     0.931   0.03108   0.01623  0.004383
     64/99     2.26G   0.01325   0.01267  0.000185   0.02611        74       640    0.9947         1    0.9964    0.9481   0.03075   0.01572  0.004037
     65/99     2.26G   0.01202   0.01243 0.0006598   0.02511        69       640    0.9884         1    0.9956    0.8856   0.03023   0.01603  0.004426
     66/99     2.26G   0.01125   0.01244 0.0001581   0.02385        80       640    0.9991    0.9973    0.9963    0.9267   0.02953   0.01657  0.004247
     67/99     2.26G   0.01353   0.01241 0.0005549   0.02649        52       640    0.9981    0.9973    0.9963    0.9602   0.02888   0.01664   0.00392
     68/99     2.26G  0.007217   0.01169 0.0001283   0.01904        62       640    0.9978    0.9973    0.9961    0.9315   0.02948   0.01631  0.004062
     69/99     2.26G  0.009171   0.01241 0.0004515   0.02203        62       640    0.9981         1    0.9962     0.925   0.02927   0.01683  0.004067
     70/99     2.26G   0.01053   0.01209  0.002841   0.02547        75       640    0.9981         1    0.9962    0.9529    0.0298   0.01586  0.003999
     71/99     2.26G   0.01476   0.01215 0.0001861    0.0271        46       640    0.9963         1    0.9961    0.9274   0.03012   0.01588  0.004291
     72/99     2.26G  0.008357   0.01159 0.0005476    0.0205        62       640    0.9977    0.9972    0.9959    0.9496    0.0299    0.0159   0.00429
     73/99     2.26G   0.01292   0.01226  0.001192   0.02637        69       640     0.999         1    0.9963    0.9522   0.02987   0.01543  0.003941
     74/99     2.26G   0.01102    0.0113 0.0004918   0.02281        86       640    0.9988         1    0.9964    0.9703   0.02937   0.01544  0.003817
     75/99     2.26G   0.01603   0.01176 0.0005939   0.02839        68       640    0.9991         1    0.9964    0.9599   0.02923   0.01585  0.003704
     76/99     2.26G   0.01309   0.01149 0.0001359   0.02471        73       640    0.9978         1    0.9962     0.974   0.02891    0.0157  0.003556
     77/99     2.26G   0.01725   0.01148 0.0007447   0.02948        79       640    0.9985         1    0.9961    0.9502   0.02866   0.01601  0.003425
     78/99     2.26G   0.01031   0.01254 0.0001363   0.02298        73       640    0.9984         1    0.9962    0.9585   0.02872   0.01569  0.003475
     79/99     2.26G  0.008139   0.01175 0.0001443   0.02004        96       640    0.9973         1    0.9963    0.9673   0.02853   0.01551  0.003506
     80/99     2.26G     0.012   0.01171  0.001431   0.02514        81       640    0.9967         1    0.9961    0.9534   0.02799   0.01576  0.003719
     81/99     2.26G  0.009908   0.01153 0.0001185   0.02156        69       640    0.9973         1    0.9962    0.9603   0.02795    0.0159  0.003819
     82/99     2.26G  0.008555   0.01317 0.0001694    0.0219        77       640    0.9975         1    0.9964    0.9637   0.02804   0.01571  0.003688
     83/99     2.26G   0.00951   0.01057 0.0001035   0.02019        54       640    0.9978         1    0.9963    0.9613   0.02839   0.01558  0.003498
     84/99     2.26G  0.008069   0.01178  0.000194   0.02005        91       640    0.9974         1    0.9963    0.9714   0.02846   0.01558  0.003504
     85/99     2.26G   0.01724   0.01181  0.002371   0.03142        95       640    0.9983         1    0.9964    0.9778    0.0282   0.01556  0.003291
     86/99     2.26G   0.00792   0.01161 0.0001344   0.01966        56       640    0.9981         1    0.9964    0.9645   0.02781   0.01565  0.003222
     87/99     2.26G   0.01178   0.01154 0.0003619   0.02367        89       640    0.9973         1    0.9964    0.9664   0.02763   0.01569  0.003227
     88/99     2.26G  0.009533   0.01109 0.0001222   0.02075        85       640    0.9975         1    0.9964    0.9714    0.0278   0.01572  0.003244
     89/99     2.26G     0.012   0.01065 0.0004284   0.02308        46       640    0.9984         1    0.9964    0.9726    0.0278   0.01568  0.003225
     90/99     2.26G  0.009782   0.01083 0.0001416   0.02075        83       640    0.9983         1    0.9964     0.981   0.02773   0.01553  0.003193
     91/99     2.26G   0.01373   0.01069  0.000159   0.02458        46       640     0.998         1    0.9964    0.9772   0.02772   0.01536  0.003187
     92/99     2.26G   0.01566   0.01131 0.0002472   0.02722        94       640    0.9974         1    0.9964    0.9696   0.02769   0.01547   0.00324
     93/99     2.26G   0.01199   0.01211 0.0005859   0.02468        96       640    0.9969         1    0.9963    0.9677   0.02766    0.0156  0.003278
     94/99     2.26G   0.01472   0.01123 0.0002953   0.02624        54       640    0.9969         1    0.9964     0.969   0.02763   0.01569  0.003284
     95/99     2.26G  0.007749    0.0115 0.0001547    0.0194        64       640    0.9973         1    0.9965    0.9703   0.02771   0.01569  0.003223
     96/99     2.26G   0.01799   0.01165  0.003603   0.03325        91       640    0.9975         1    0.9965    0.9704   0.02767   0.01562  0.003839
     97/99     2.26G  0.006179   0.01173 0.0001784   0.01809        62       640    0.9981         1    0.9965    0.9725   0.02759   0.01556  0.004797
     98/99     2.26G  0.009766   0.01144 0.0002203   0.02142        77       640    0.9979         1    0.9965    0.9755   0.02769   0.01553  0.005602
     99/99     2.26G   0.01369   0.01148 0.0008125   0.02597        80       640    0.9975         1    0.9964    0.9826   0.02772   0.01553    0.0062
