      0/99     1.83G   0.07577   0.03336   0.02951    0.1386        61       640    0.1177   0.04167   0.02614  0.008697   0.07578   0.02853   0.02135
      1/99     2.26G   0.06512    0.0346   0.01741    0.1171        83       640    0.1082    0.1027   0.03989  0.008673   0.07348   0.02946   0.01754
      2/99     2.26G   0.05844   0.03544   0.01228    0.1062        62       640    0.5107    0.4666    0.3803    0.1118    0.0703   0.02983   0.01446
      3/99     2.26G   0.05517   0.03479  0.008069   0.09803        60       640    0.3789    0.6348    0.4451    0.1512   0.06295   0.02845   0.01345
      4/99     2.26G   0.05327    0.0344  0.005874   0.09354        66       640    0.4786    0.5798    0.5307     0.158   0.05539   0.02539   0.01288
      5/99     2.26G   0.04011   0.03051  0.004433   0.07505        57       640    0.5074    0.6276    0.5647    0.1851   0.07099     0.026    0.0142
      6/99     2.26G    0.0334   0.02802  0.003454   0.06487        92       640    0.4132     0.558     0.389    0.1063   0.07603   0.02103   0.01722
      7/99     2.26G   0.03724   0.02705   0.00233   0.06662        61       640     0.674    0.7319     0.768    0.3356   0.05898   0.02145   0.01048
      8/99     2.26G   0.03239   0.02491  0.001546   0.05884        56       640    0.6016    0.6929    0.7187    0.1994   0.06869   0.02038  0.009269
      9/99     2.26G   0.03509   0.02437  0.002248   0.06171        73       640    0.8384    0.7755    0.8801    0.4962   0.06586   0.02037   0.00892
     10/99     2.26G   0.03214   0.02407  0.001659   0.05787        64       640    0.9204    0.7755    0.9207    0.5234   0.06872   0.01892  0.008013
     11/99     2.26G   0.02764   0.02257  0.001315   0.05153        67       640     0.915    0.6329    0.8132    0.4379   0.06557   0.01874  0.007743
     12/99     2.26G    0.0292   0.02293  0.003005   0.05514        74       640    0.6338    0.7456    0.7146     0.231   0.07126   0.01771  0.006745
     13/99     2.26G   0.03069    0.0222    0.0015   0.05439        71       640     0.756    0.7019    0.7782    0.2887   0.06654   0.02462  0.006391
     14/99     2.26G   0.02639   0.02371  0.002207    0.0523        54       640    0.7739    0.7967    0.8547    0.4905   0.05175   0.02577  0.006569
     15/99     2.26G   0.02205   0.02125   0.00111    0.0444        50       640    0.8363    0.7654    0.8441    0.3326   0.05966   0.01873  0.006807
     16/99     2.26G   0.02346   0.02051  0.001014   0.04498        51       640    0.8259    0.8184    0.8957     0.477   0.06176   0.01786  0.006623
     17/99     2.26G   0.02594   0.02092  0.002317   0.04918        94       640    0.9793    0.8742    0.9707    0.5362   0.04215   0.01848   0.01628
     18/99     2.26G   0.02306   0.02134  0.004594     0.049        73       640    0.8968    0.9619    0.9466    0.6499   0.05953   0.01853   0.03217
     19/99     2.26G   0.03163   0.02121  0.003138   0.05598        75       640    0.7689     0.813    0.8202    0.4586    0.0542   0.01832  0.007604
     20/99     2.26G   0.02496   0.02024  0.001132   0.04633        82       640    0.8771    0.9089    0.9271    0.5951   0.05326   0.01591  0.006568
     21/99     2.26G   0.02247   0.01825 0.0009237   0.04164        57       640    0.9266     0.989    0.9914    0.7031    0.0505   0.01584  0.006512
     22/99     2.26G   0.02454   0.01863  0.006242   0.04941        65       640    0.9501    0.8393    0.9055    0.6694   0.05024   0.01687  0.007637
     23/99     2.26G   0.02566   0.01934  0.001234   0.04623        97       640    0.9582    0.8624    0.9549    0.6375   0.05005   0.01759  0.007625
     24/99     2.26G   0.02435   0.01817  0.001179    0.0437        64       640    0.9481    0.9973    0.9891    0.6511   0.04753   0.01606  0.007416
     25/99     2.26G   0.02241   0.01775 0.0007738   0.04094        71       640    0.9758    0.9835    0.9931      0.85   0.04726   0.01542  0.007121
     26/99     2.26G   0.01957   0.01795 0.0008872   0.03841        62       640    0.9928    0.7287    0.8529     0.628   0.04748   0.01584  0.007177
     27/99     2.26G   0.01986   0.01779   0.01651   0.05416        74       640    0.4663    0.7155    0.6308     0.401   0.06156   0.02512    0.0166
     28/99     2.26G   0.02083    0.0199  0.005189   0.04592        67       640    0.6641    0.4563    0.5735    0.3763   0.05542   0.03299   0.03493
     29/99     2.26G   0.01544   0.01902 0.0007441    0.0352        66       640    0.9441    0.9396    0.9782     0.665   0.04229   0.02082   0.01706
     30/99     2.26G   0.02237    0.0186  0.002795   0.04377        73       640    0.9918    0.8561    0.8601    0.6666   0.03922   0.01854   0.02448
     31/99     2.26G   0.01466   0.01886 0.0005224   0.03404        67       640    0.9923     0.903    0.9313    0.7523   0.03905   0.01689   0.04327
     32/99     2.26G   0.02009   0.01771  0.001739   0.03953        65       640    0.9734    0.8478    0.8927    0.6744    0.0387   0.01725   0.04442
     33/99     2.26G   0.01755   0.01795  0.001607    0.0371        68       640     0.988    0.9973    0.9955    0.7291   0.03558   0.01774   0.04539
     34/99     2.26G   0.01782   0.01781 0.0006853   0.03632        64       640    0.9428    0.9162    0.9259    0.7503   0.03665   0.01675   0.04183
     35/99     2.26G   0.01762   0.01744  0.001904   0.03696        74       640    0.9879    0.9863    0.9945    0.8512   0.03623   0.01713   0.03851
     36/99     2.26G   0.01868   0.01602 0.0007489   0.03545        50       640    0.9661    0.9698    0.9895    0.8114   0.03604   0.01691   0.03371
     37/99     2.26G   0.01935   0.01704   0.00138   0.03777        55       640    0.9844    0.9945    0.9951    0.7729   0.03857    0.0156    0.0327
     38/99     2.26G   0.01531    0.0163 0.0006695   0.03227        66       640    0.9785    0.9973    0.9951    0.8077    0.0386   0.01612   0.03092
     39/99     2.26G   0.01633   0.01642  0.001375   0.03412        73       640    0.9974         1    0.9956     0.808   0.03762   0.01641   0.03199
     40/99     2.26G   0.01477   0.01662 0.0003981   0.03179        52       640    0.9952    0.9861    0.9899    0.7867   0.03614    0.0163    0.0339
     41/99     2.26G   0.01306   0.01557 0.0003537   0.02899        67       640    0.9764    0.9003    0.9208    0.7354   0.03613   0.01517   0.03003
     42/99     2.26G   0.01515   0.01528 0.0003537   0.03078        70       640    0.9886    0.8846    0.9681     0.799   0.03813   0.01596   0.02732
     43/99     2.26G   0.01641   0.01543 0.0005546   0.03239        59       640    0.9921    0.9973     0.996    0.8514   0.03546   0.01653   0.03184
     44/99     2.26G   0.01687   0.01602 0.0008029    0.0337        68       640    0.9903         1     0.996    0.8494   0.03635    0.0162   0.03127
     45/99     2.26G   0.01644   0.01477 0.0003573   0.03157        60       640    0.9915         1    0.9959    0.8812   0.03571   0.01627   0.03564
     46/99     2.26G   0.01756   0.01582  0.001382   0.03475        58       640    0.9908    0.9973    0.9958    0.9018   0.03432   0.01687    0.0331
     47/99     2.26G   0.01351   0.01502 0.0002616   0.02878        76       640    0.9933     0.989    0.9957    0.8619   0.03402   0.01549   0.03403
     48/99     2.26G   0.01416   0.01439 0.0003832   0.02893        72       640    0.9933    0.9973    0.9959    0.9038   0.03276   0.01628   0.03406
     49/99     2.26G   0.01827   0.01457 0.0004725   0.03332       100       640    0.9943         1     0.996    0.8808   0.03195   0.01633   0.03313
     50/99     2.26G   0.01627    0.0137  0.001471   0.03144        84       640    0.9964    0.9973    0.9961     0.925   0.03189   0.01619    0.0362
     51/99     2.26G   0.01305   0.01357 0.0005018   0.02712        76       640    0.9959    0.9987    0.9962    0.9115   0.03385   0.01598   0.03778
     52/99     2.26G   0.02117   0.01444  0.001324   0.03693        82       640    0.9961         1    0.9961    0.9002   0.03398   0.01547   0.03701
     53/99     2.26G   0.01122   0.01335 0.0004982   0.02506        96       640     0.994    0.9973    0.9961    0.9109   0.03482   0.01613   0.03398
     54/99     2.26G   0.01095   0.01456 0.0003236   0.02583       102       640    0.9945         1    0.9961    0.9305   0.03225   0.01588   0.03109
     55/99     2.26G   0.01198    0.0141 0.0002806   0.02636        72       640    0.9948         1    0.9963    0.9191   0.03196   0.01629   0.03072
     56/99     2.26G   0.01978   0.01483 0.0003572   0.03497        68       640    0.9969         1    0.9964    0.9256    0.0306   0.01607   0.03123
     57/99     2.26G   0.01714   0.01345  0.001666   0.03225        54       640    0.9925         1    0.9966    0.8972   0.03027   0.01576   0.03054
     58/99     2.26G   0.00961   0.01369  0.000632   0.02393        56       640    0.9953         1    0.9965    0.9228   0.03012   0.01604   0.02696
     59/99     2.26G   0.01158   0.01258 0.0003037   0.02447        71       640    0.9951         1    0.9965    0.9429      0.03   0.01538   0.02947
     60/99     2.26G  0.009666   0.01351   0.00133   0.02451        83       640    0.9976         1    0.9965    0.9359   0.03013   0.01543   0.03195
     61/99     2.26G   0.01181   0.01263  0.001353   0.02579        90       640     0.998         1    0.9965    0.9341   0.03031   0.01586   0.03391
     62/99     2.26G   0.01364    0.0133 0.0003257   0.02726        88       640    0.9977         1    0.9967    0.9636   0.02873   0.01555   0.03626
     63/99     2.26G     0.012   0.01207 0.0002329   0.02431        66       640    0.9961         1    0.9966    0.9589   0.02863   0.01614   0.03723
     64/99     2.26G   0.01342   0.01178  0.000665   0.02587        74       640    0.9963         1    0.9966    0.9641   0.02892   0.01622   0.03957
     65/99     2.26G   0.01185   0.01128 0.0005756   0.02371        69       640    0.9981         1    0.9966    0.9779   0.02889   0.01627   0.03448
     66/99     2.26G   0.01311   0.01129 0.0002478   0.02465        80       640    0.9993         1    0.9967    0.9307   0.02901   0.01723   0.03011
     67/99     2.26G    0.0123   0.01158 0.0004562   0.02433        52       640    0.9988         1    0.9966    0.9623   0.02863   0.01645    0.0259
     68/99     2.26G  0.006539   0.01066 0.0001297   0.01733        62       640     0.999         1    0.9966    0.9618   0.02931    0.0161   0.02286
     69/99     2.26G    0.0102   0.01142 0.0001776    0.0218        62       640    0.9992         1    0.9966    0.9639   0.02877   0.01623   0.02259
     70/99     2.26G   0.01138   0.01089 0.0001489   0.02242        75       640    0.9995         1    0.9967    0.9886   0.02791   0.01624   0.02208
     71/99     2.26G   0.01152   0.01096 0.0002974   0.02277        46       640    0.9986         1    0.9967     0.964   0.02814   0.01644   0.02168
     72/99     2.26G  0.009772    0.0105 0.0001458   0.02042        62       640    0.9986         1    0.9967    0.9755   0.02816    0.0164    0.0198
     73/99     2.26G   0.01277   0.01105 0.0003097   0.02413        69       640    0.9996         1    0.9967    0.9793   0.02826   0.01606   0.01918
     74/99     2.26G   0.01121   0.01042  0.000237   0.02187        86       640    0.9991         1    0.9968     0.974   0.02787   0.01596   0.01875
     75/99     2.26G   0.01491   0.01062 0.0002297   0.02576        68       640     0.999         1    0.9968     0.983   0.02738   0.01608   0.01915
     76/99     2.26G   0.01242   0.01032 0.0009073   0.02365        73       640    0.9997         1    0.9967    0.9601   0.02781   0.01597   0.02267
     77/99     2.26G   0.01451   0.01036 0.0001994   0.02506        79       640         1         1    0.9968    0.9669   0.02787   0.01615   0.02311
     78/99     2.26G  0.007956   0.01122 0.0002707   0.01945        73       640    0.9997         1    0.9968    0.9747   0.02762   0.01592   0.02433
     79/99     2.26G  0.009516   0.01079 0.0001388   0.02045        96       640     0.999         1    0.9968    0.9775   0.02788   0.01568   0.02316
     80/99     2.26G  0.007773    0.0108  0.000632    0.0192        81       640    0.9985         1    0.9967    0.9794   0.02794   0.01573   0.02078
     81/99     2.26G   0.01104    0.0105  0.000155    0.0217        69       640    0.9996         1    0.9968    0.9855   0.02817   0.01604   0.01919
     82/99     2.26G  0.009831   0.01233 0.0002092   0.02237        77       640    0.9999         1    0.9969    0.9837   0.02812   0.01643   0.01783
     83/99     2.26G   0.01073  0.009665 0.0005193   0.02091        54       640    0.9997         1    0.9969    0.9817   0.02811   0.01616    0.0166
     84/99     2.26G   0.00934   0.01097 0.0002432   0.02056        91       640    0.9998         1    0.9969    0.9898   0.02787   0.01597   0.01665
     85/99     2.26G   0.01537   0.01088 0.0006142   0.02686        95       640    0.9992         1    0.9969    0.9968   0.02776   0.01615   0.01735
     86/99     2.26G   0.01553   0.01053 0.0001565   0.02622        56       640    0.9993         1     0.997    0.9908   0.02758   0.01624   0.01804
     87/99     2.26G   0.01081   0.01052 0.0002136   0.02155        89       640    0.9996         1     0.997     0.992   0.02738   0.01649   0.01818
     88/99     2.26G  0.007015   0.01007 0.0001019   0.01719        85       640    0.9999         1    0.9969    0.9905   0.02737   0.01665   0.01863
     89/99     2.26G   0.01508  0.009685 0.0002426     0.025        46       640    0.9999         1    0.9969    0.9885    0.0274   0.01643    0.0185
     90/99     2.26G   0.01048   0.01016 0.0002039   0.02084        83       640         1         1    0.9969    0.9912    0.0273   0.01632   0.01861
     91/99     2.26G   0.01669  0.009933 0.0001646   0.02678        46       640         1         1    0.9969    0.9932   0.02713   0.01596   0.01892
     92/99     2.26G   0.01256   0.01043  0.000135   0.02313        94       640         1         1    0.9969    0.9911   0.02703   0.01588   0.01887
     93/99     2.26G   0.01469   0.01125 0.0001943   0.02614        96       640         1         1    0.9969    0.9884   0.02706   0.01596   0.01923
     94/99     2.26G   0.01411   0.01028 0.0001555   0.02454        54       640    0.9999         1    0.9969    0.9875   0.02703   0.01586   0.01907
     95/99     2.26G   0.00941   0.01056 0.0002144   0.02019        64       640         1         1     0.997    0.9907   0.02707    0.0158   0.01932
     96/99     2.26G   0.01445   0.01093 0.0002677   0.02565        91       640         1         1     0.997    0.9849   0.02703   0.01591   0.02054
     97/99     2.26G   0.01146   0.01087 0.0001801   0.02252        62       640         1         1     0.997    0.9888   0.02698   0.01596   0.02119
     98/99     2.26G   0.00656   0.01049 0.0002121   0.01727        77       640         1         1     0.997    0.9872   0.02694   0.01616   0.02238
     99/99     2.26G   0.01259   0.01063 0.0002284   0.02345        80       640         1         1     0.997    0.9899   0.02699   0.01619   0.02283
