      0/99     1.83G   0.07636   0.03526   0.05011    0.1617       116       640   0.01425    0.1227   0.01437  0.002718   0.07966   0.03842   0.04679
      1/99      2.3G   0.06572    0.0336    0.0413    0.1406       146       640    0.0265   0.04163   0.01032  0.001956   0.07385   0.03769   0.04073
      2/99      2.3G   0.06052   0.03516   0.03002    0.1257       124       640    0.4087    0.1176   0.07904   0.02232   0.06446   0.03866   0.03731
      3/99      2.3G   0.05715   0.03588   0.02415    0.1172       152       640    0.4486     0.277     0.208   0.07694   0.06099   0.03798   0.03554
      4/99      2.3G   0.05434   0.03343   0.01962    0.1074       133       640    0.7134     0.319    0.3352    0.1637   0.05468   0.03335   0.03753
      5/99      2.3G   0.05055   0.03171   0.01703   0.09929       123       640    0.7229    0.2478    0.2775    0.1087   0.05919   0.03665   0.03895
      6/99      2.3G   0.05245   0.03007   0.01682   0.09934       142       640    0.6798    0.4308    0.3718    0.1552   0.07249   0.03141    0.0402
      7/99      2.3G   0.05003   0.02893   0.01409   0.09305       118       640    0.7628     0.388    0.3727    0.1368   0.06044   0.02704   0.04317
      8/99      2.3G   0.04107   0.02869   0.01092   0.08068       163       640     0.777    0.3342    0.3629    0.1121   0.07356   0.02688   0.04582
      9/99      2.3G   0.03549   0.02767   0.01001   0.07317       156       640    0.8142    0.3809    0.4272    0.2031   0.06804   0.02311   0.04527
     10/99      2.3G   0.03332    0.0256  0.009545   0.06847        95       640    0.2818    0.4907    0.4182    0.2307   0.07087   0.02175   0.04165
     11/99      2.3G   0.03197   0.02357  0.008794   0.06434       146       640    0.5181     0.507    0.5178    0.2209   0.07065   0.02214   0.04249
     12/99      2.3G   0.03481   0.02583     0.011   0.07164        91       640    0.8337    0.3869    0.4303    0.2153   0.06365   0.02672   0.04343
     13/99      2.3G   0.02793    0.0266  0.008526   0.06306       139       640    0.9276    0.4211    0.5399    0.2779   0.06041   0.02366   0.04315
     14/99      2.3G   0.03136   0.02552  0.008837   0.06572       117       640    0.8676    0.4949    0.5595     0.306   0.05471   0.02555   0.04251
     15/99      2.3G   0.02486   0.02736  0.009259   0.06148       146       640    0.8665    0.4058    0.5826    0.3402   0.03825   0.02656    0.0397
     16/99      2.3G   0.02683   0.02679  0.009429   0.06305       137       640    0.8989    0.4668    0.6003    0.3672   0.03334   0.02465   0.04003
     17/99      2.3G   0.02413   0.02468  0.008108   0.05692       123       640    0.7436    0.6431    0.7166    0.5011   0.03226   0.02032   0.04021
     18/99      2.3G   0.02405   0.02533   0.00811    0.0575       115       640    0.5028     0.696    0.6504    0.4469   0.03303   0.02191   0.04077
     19/99      2.3G   0.02732     0.026   0.01293   0.06625       147       640    0.9556    0.4099    0.5475    0.3796   0.03386   0.02374   0.04216
     20/99      2.3G   0.02738   0.02357  0.009013   0.05996       137       640    0.9034    0.4811    0.5514    0.3844   0.04417   0.02406   0.04365
     21/99      2.3G   0.02598   0.02414  0.009262   0.05939       116       640    0.9171    0.4918    0.6154    0.3718   0.05109   0.02231   0.04368
     22/99      2.3G    0.0241   0.02422  0.009416   0.05774       123       640     0.935     0.411    0.5732    0.3847   0.03301   0.02199    0.0395
     23/99      2.3G   0.02195   0.02364  0.009021    0.0546       133       640    0.9571    0.4857    0.6837     0.469   0.03703   0.02409    0.0404
     24/99      2.3G   0.02192   0.02444  0.007497   0.05386       114       640    0.6804    0.6495    0.6876    0.4597   0.03564   0.02302   0.04696
     25/99      2.3G   0.01833   0.02428  0.006764   0.04938       160       640    0.7224    0.6425    0.6868    0.5314   0.03403   0.01999   0.04121
     26/99      2.3G   0.01934   0.02314  0.006798   0.04927       120       640    0.7775    0.6735    0.7304    0.5721   0.03032   0.01868    0.0458
     27/99      2.3G   0.01871   0.02249  0.006099    0.0473       125       640    0.6484    0.7618    0.7978    0.5384   0.03645   0.01844   0.04344
     28/99      2.3G    0.0165    0.0233  0.006231   0.04603       101       640    0.6642    0.8299    0.8227    0.6672   0.02815   0.01794   0.04481
     29/99      2.3G   0.01738   0.02106  0.006494   0.04494       136       640    0.6211    0.8656    0.8352    0.6789   0.03053   0.01787   0.04589
     30/99      2.3G   0.01947   0.02153   0.00899   0.04999       135       640    0.6932    0.8798    0.8533    0.6816   0.02658    0.0186   0.04626
     31/99      2.3G   0.01865   0.02103   0.00754   0.04722        74       640    0.5903      0.76    0.7054     0.564   0.02669   0.02091   0.05633
     32/99      2.3G   0.01693   0.02109  0.004804   0.04282       126       640    0.8947    0.7126    0.8026    0.6232    0.0282    0.0192   0.06115
     33/99      2.3G    0.0177   0.02219  0.004694   0.04458       120       640    0.9478    0.7391    0.8272    0.6331    0.0264   0.01895   0.05221
     34/99      2.3G   0.01786   0.02077  0.007389   0.04602       167       640    0.8962    0.7396    0.8246    0.6315   0.02051   0.01719   0.04903
     35/99      2.3G   0.01762   0.02086  0.005243   0.04372       142       640    0.7728    0.8991    0.8821    0.7131   0.02284   0.01785   0.05296
     36/99      2.3G   0.02071   0.01944  0.004603   0.04475        92       640    0.9065    0.8852    0.9227    0.7687   0.04121   0.01898   0.05086
     37/99      2.3G   0.01771   0.02118  0.003891   0.04278       127       640    0.9426    0.9127    0.9401    0.8003   0.04338   0.01989   0.04814
     38/99      2.3G    0.0144   0.01939  0.003322   0.03711       138       640    0.9819    0.8815    0.9274    0.7931    0.0401   0.01615   0.04974
     39/99      2.3G   0.02007   0.01934  0.004178   0.04358       123       640    0.9349    0.9186    0.9369    0.7638   0.02457   0.01806    0.1043
     40/99      2.3G    0.0131   0.01861  0.002953   0.03466       131       640    0.9802    0.8718    0.9353    0.7431   0.02447   0.02085    0.1434
     41/99      2.3G     0.013   0.01818  0.002694   0.03388       143       640    0.9774    0.9127    0.9492    0.7778   0.02474   0.02065    0.1326
     42/99      2.3G   0.01654   0.01831  0.003339   0.03819       143       640    0.9787     0.937    0.9703    0.7886   0.02418   0.01583     0.186
     43/99      2.3G    0.0145   0.01832  0.002886   0.03571       125       640    0.9753    0.9301    0.9653    0.8037   0.02362    0.0161    0.2647
     44/99      2.3G   0.01627   0.01998   0.01321   0.04947       124       640    0.4219    0.5612    0.4461    0.3486   0.03152   0.04616   0.06002
     45/99      2.3G   0.01263   0.01854   0.00352   0.03469       145       640    0.5491    0.5624    0.5435    0.4416   0.03086    0.0289    0.0686
     46/99      2.3G   0.01701    0.0196  0.005941   0.04256       122       640    0.8145    0.7453    0.8189    0.6702   0.02445   0.01952   0.05599
     47/99      2.3G   0.01513   0.01967  0.005818   0.04063       127       640     0.959    0.9137    0.9809    0.7992   0.02407   0.02038   0.06414
     48/99      2.3G   0.01842   0.01833  0.003442   0.04019        81       640    0.9728    0.9623     0.984    0.8144   0.02418   0.02213   0.06204
     49/99      2.3G   0.01107   0.01601  0.002277   0.02936        97       640    0.9792    0.9073    0.9683    0.8268   0.03442   0.02082   0.06187
     50/99      2.3G   0.01275   0.01957  0.003331   0.03565       116       640    0.9716    0.9538    0.9801    0.8435   0.03717   0.01708   0.05953
     51/99      2.3G   0.01415   0.01792  0.002119   0.03419       115       640    0.8979    0.8581    0.9443    0.7301    0.0423   0.02556   0.04604
     52/99      2.3G    0.0105   0.01853  0.002482   0.03151       109       640    0.9777    0.9322    0.9818    0.8488   0.03723   0.02043   0.05967
     53/99      2.3G   0.01853   0.01758   0.00519   0.04129       117       640    0.9814    0.9465    0.9842    0.8647   0.03717   0.01852   0.05841
     54/99      2.3G   0.01648   0.01716  0.005562    0.0392        93       640    0.9758    0.9296    0.9751    0.8313   0.02227   0.01776   0.05144
     55/99      2.3G   0.01452   0.01841  0.002832   0.03576       106       640    0.9834    0.9394    0.9822    0.8642   0.02128   0.01874   0.05441
     56/99      2.3G   0.01352   0.01767  0.003805   0.03499       184       640    0.9813    0.9389    0.9868    0.8635   0.02134   0.01739   0.05959
     57/99      2.3G   0.01446   0.01614  0.004332   0.03494       139       640     0.984     0.936    0.9811     0.895   0.02093   0.01611   0.06074
     58/99      2.3G   0.01491   0.01589  0.002516   0.03332       124       640    0.9921    0.9449    0.9859    0.9103    0.0201    0.0157   0.05917
     59/99      2.3G   0.01476   0.01582  0.002415   0.03299       126       640    0.9835    0.9246    0.9857    0.9047   0.01955   0.01623   0.06123
     60/99      2.3G   0.01288    0.0163  0.003319    0.0325       159       640    0.9723    0.9269    0.9572    0.8994   0.01966   0.02038   0.06487
     61/99      2.3G   0.01525   0.01541  0.004402   0.03506        71       640    0.9751    0.9194    0.9631     0.894    0.0197   0.01864   0.06218
     62/99      2.3G  0.008333   0.01476  0.001941   0.02504       126       640    0.9624    0.9197    0.9604    0.8959   0.01999   0.02086   0.06363
     63/99      2.3G   0.01711   0.01673  0.004287   0.03813       136       640    0.9601    0.9272    0.9634    0.9078   0.01961   0.01922   0.07428
     64/99      2.3G   0.01096   0.01431  0.002644   0.02791       147       640    0.9687    0.9182    0.9671    0.9212    0.0192    0.0169   0.07191
     65/99      2.3G  0.009703   0.01559  0.002036   0.02733       178       640    0.9817    0.9431     0.977    0.9211   0.01913   0.01696   0.06406
     66/99      2.3G   0.01536    0.0144  0.003571   0.03334       107       640     0.978    0.9437    0.9717    0.9174   0.01931   0.01795   0.06366
     67/99      2.3G   0.01917   0.01471  0.004395   0.03827       109       640    0.9834    0.9377    0.9723    0.9222    0.0192   0.01848   0.06458
     68/99      2.3G   0.01266   0.01386  0.001928   0.02844       114       640    0.9668    0.9284    0.9694    0.9271   0.01902   0.01804   0.06533
     69/99      2.3G   0.01075   0.01373  0.003006   0.02749       138       640    0.9694    0.9214    0.9674    0.9177   0.01878   0.01923   0.06534
     70/99      2.3G   0.01347   0.01375  0.001828   0.02905        89       640    0.9675    0.9264    0.9707    0.9266   0.01853   0.01754    0.0667
     71/99      2.3G   0.01042   0.01373  0.002889   0.02703       108       640     0.981    0.9376    0.9725    0.9308   0.01844   0.01842   0.06644
     72/99      2.3G   0.01266   0.01304  0.003466   0.02917       130       640    0.9739    0.9247    0.9677    0.9297   0.01829   0.01777   0.06604
     73/99      2.3G   0.01269   0.01291  0.002245   0.02784       142       640    0.9689     0.926    0.9678    0.9378   0.01813   0.01865   0.06678
     74/99      2.3G   0.01087   0.01303  0.002918   0.02681       133       640    0.9724    0.9271    0.9713     0.936   0.01808   0.01938   0.06641
     75/99      2.3G  0.006459    0.0134  0.001304   0.02116       107       640    0.9759    0.9273    0.9689    0.9351   0.01813    0.0187   0.06623
     76/99      2.3G   0.01145   0.01312  0.002288   0.02685       101       640    0.9789    0.9274    0.9688    0.9368   0.01808   0.02196   0.06622
     77/99      2.3G  0.009536   0.01183   0.00201   0.02338       153       640    0.9859    0.9386    0.9794     0.948   0.01803   0.01911   0.06635
     78/99      2.3G   0.01068   0.01402  0.002258   0.02696       124       640    0.9741    0.9274    0.9726    0.9391   0.01795   0.02056   0.06636
     79/99      2.3G   0.01347   0.01237  0.003798   0.02964        88       640    0.9613    0.9326    0.9841     0.956   0.01802   0.01924   0.06648
     80/99      2.3G  0.006293   0.01276  0.001453   0.02051       110       640    0.9606    0.9331    0.9738    0.9511    0.0178   0.01848   0.06729
     81/99      2.3G   0.01547    0.0127  0.004334    0.0325       137       640    0.9769    0.9318    0.9764    0.9419   0.01781   0.01778   0.06758
     82/99      2.3G  0.009896   0.01248  0.002426    0.0248       128       640    0.9811    0.9305    0.9748    0.9395   0.01775   0.01832   0.06802
     83/99      2.3G   0.01333    0.0125  0.002063   0.02789        90       640    0.9762    0.9315    0.9757    0.9483   0.01778   0.01807   0.06807
     84/99      2.3G  0.005651   0.01103  0.001173   0.01785       127       640    0.9773    0.9313    0.9755    0.9513   0.01767   0.01841   0.06744
     85/99      2.3G    0.0112    0.0127  0.002274   0.02618       121       640    0.9768    0.9273    0.9725    0.9475   0.01797   0.01915   0.06705
     86/99      2.3G   0.01612   0.01196  0.003079   0.03115       138       640    0.9799     0.929    0.9744    0.9468   0.01771    0.0179   0.06709
     87/99      2.3G   0.01299   0.01195  0.002349   0.02729       106       640    0.9814    0.9299    0.9754    0.9481   0.01762   0.01837   0.06723
     88/99      2.3G   0.01204    0.0134  0.003261   0.02871       162       640    0.9815    0.9305    0.9788    0.9553    0.0176   0.01933   0.06728
     89/99      2.3G   0.00778   0.01242  0.001283   0.02149       146       640    0.9782    0.9307    0.9781    0.9498   0.01762   0.01935   0.06751
     90/99      2.3G   0.01475   0.01151  0.002021   0.02828       109       640    0.9728    0.9275     0.977    0.9561   0.01747   0.01935   0.06792
     91/99      2.3G   0.01181   0.01202  0.003018   0.02685       149       640     0.975    0.9296    0.9875     0.965   0.01751   0.01845   0.06806
     92/99      2.3G   0.00849    0.0121  0.002092   0.02269       110       640    0.9746    0.9296    0.9786    0.9544   0.01746   0.01846    0.0683
     93/99      2.3G   0.01207   0.01329  0.002077   0.02744       123       640    0.9763    0.9292    0.9877    0.9621    0.0175   0.01842   0.06814
     94/99      2.3G  0.008124   0.01189   0.00193   0.02195       133       640    0.9755    0.9275    0.9778    0.9573   0.01757   0.01933    0.0681
     95/99      2.3G  0.009391   0.01205  0.001561   0.02301       126       640    0.9742    0.9275    0.9778     0.959   0.01755   0.01956    0.0682
     96/99      2.3G   0.01217   0.01138  0.002895   0.02644       102       640    0.9737    0.9275    0.9778    0.9607   0.01745   0.01937   0.06832
     97/99      2.3G   0.01333   0.01097  0.004055   0.02835       104       640    0.9717    0.9276    0.9862    0.9659   0.01743   0.01894   0.06848
     98/99      2.3G  0.009942   0.01215    0.0023    0.0244        76       640    0.9703    0.9278    0.9772    0.9577   0.01741   0.01848   0.06896
     99/99      2.3G  0.009105   0.01243  0.001723   0.02326       197       640    0.9707    0.9277    0.9862    0.9607   0.01742   0.01795   0.06912
